,Unnamed: 0,痢≪젙?쇱떆,?댁궛?붿쭏?뚮냽??ppm),?ㅼ〈?띾룄(ppm),?쇱궛?뷀깂?뚮냽??ppm),?꾪솴?곌??ㅻ냽??ppm),誘몄꽭癒쇱??띾룄(????,珥덈??몃㉫吏?띾룄(????
0,0,2022-01-01,0.03412,0.01278,0.624,0.00352,27.8,14.38
1,1,2022-01-02,0.02966,0.01638,0.612,0.00334,35.32,23.58
2,2,2022-01-03,0.03846,0.00894,0.66,0.0036,25.9,15.04
3,3,2022-01-04,0.02618,0.01678,0.594,0.00372,35.0,19.6
4,4,2022-01-05,0.0418,0.00664,0.812,0.00404,48.26,28.82
5,5,2022-01-06,0.0364,0.0131,0.78,0.00446,50.8,31.22
6,6,2022-01-07,0.0467,0.00972,0.936,0.00478,60.06,38.52
7,7,2022-01-08,0.05154,0.00714,0.952,0.0044,55.86,39.34
8,8,2022-01-09,0.03086,0.01834,0.986,0.00374,115.26,90.1
9,9,2022-01-10,0.0486,0.0094,1.076,0.00396,87.82,68.98
10,10,2022-01-11,0.0163,0.02298,0.498,0.00318,31.56,18.22
11,11,2022-01-12,0.02154,0.0185,0.5,0.00346,28.64,16.24
12,12,2022-01-13,0.01768,0.0219,0.466,0.00344,32.88,12.6
13,13,2022-01-14,0.0315,0.01172,0.59,0.00396,32.08,15.58
14,14,2022-01-15,0.04772,0.00448,0.794,0.0043,43.36,25.58
15,15,2022-01-16,0.02184,0.02046,0.56,0.00342,44.56,26.74
16,16,2022-01-17,0.02612,0.01792,0.536,0.0034,26.48,13.9
17,17,2022-01-18,0.0263,0.01724,0.562,0.00378,37.34,19.62
18,18,2022-01-19,0.0403,0.00996,0.76,0.00366,43.88,30.72
19,19,2022-01-20,0.03356,0.01498,0.696,0.00366,38.98,27.8
20,20,2022-01-21,0.04622,0.00892,0.798,0.0037,37.82,26.26
21,21,2022-01-22,0.05372,0.0058,0.958,0.00454,51.68,37.08
22,22,2022-01-23,0.03982,0.01634,0.878,0.00436,63.34,46.1
23,23,2022-01-24,0.03048,0.02278,0.59,0.00356,23.9,15.2
24,24,2022-01-25,0.03124,0.01674,0.518,0.00322,28.64,19.18
25,25,2022-01-26,0.0331,0.02018,0.74,0.00392,58.42,41.56
26,26,2022-01-27,0.03156,0.021,0.666,0.00402,60.24,40.96
27,27,2022-01-28,0.0237,0.02452,0.488,0.00354,35.32,20.16
28,28,2022-01-29,0.01934,0.0261,0.464,0.00366,29.26,15.7
29,29,2022-01-30,0.02078,0.02566,0.532,0.0038,33.22,17.9
30,30,2022-01-31,0.02642,0.02348,0.558,0.00374,31.68,19.74
31,31,2022-02-01,0.01574,0.0335,0.57,0.00298,42.22,32.62
32,32,2022-02-02,0.01634,0.03138,0.482,0.00306,30.64,21.92
33,33,2022-02-03,0.02282,0.02764,0.48,0.00338,22.84,13.64
34,34,2022-02-04,0.0206,0.02884,0.45,0.00328,22.64,12.08
35,35,2022-02-05,0.01368,0.03138,0.392,0.00302,28.44,9.72
36,36,2022-02-06,0.02036,0.02738,0.47,0.0032,23.36,10.92
37,37,2022-02-07,0.03148,0.0199,0.574,0.00378,28.34,14.86
38,38,2022-02-08,0.03762,0.0176,0.632,0.0036,30.74,18.4
39,39,2022-02-09,0.0466,0.01106,0.728,0.0036,37.52,24.02
40,40,2022-02-10,0.03856,0.02176,0.71,0.00384,47.38,31.66
41,41,2022-02-11,0.0523,0.01816,0.92,0.0042,80.34,60.62
42,42,2022-02-12,0.04092,0.02232,0.818,0.0035,87.42,66.34
43,43,2022-02-13,0.03608,0.02066,0.726,0.0036,57.38,39.1
44,44,2022-02-14,0.03468,0.021,0.68,0.00314,42.48,30.38
45,45,2022-02-15,0.01594,0.0321,0.458,0.0028,34.94,23.08
46,46,2022-02-16,0.01444,0.03172,0.44,0.0029,28.48,18.48
47,47,2022-02-17,0.02024,0.02538,0.466,0.00328,30.52,18.82
48,48,2022-02-18,0.04468,0.00934,0.668,0.00358,43.26,27.98
49,49,2022-02-19,0.02678,0.02372,0.544,0.00342,42.72,27.78
50,50,2022-02-20,0.0113,0.03528,0.398,0.00294,29.42,13.92
51,51,2022-02-21,0.02528,0.02552,0.486,0.00312,27.22,14.06
52,52,2022-02-22,0.01606,0.03234,0.42,0.0033,29.7,14.14
53,53,2022-02-23,0.0175,0.03006,0.426,0.00316,26.08,11.74
54,54,2022-02-24,0.02848,0.02586,0.5,0.00336,29.34,16.06
55,55,2022-02-25,0.04096,0.02296,0.734,0.00348,68.48,49.28
56,56,2022-02-26,0.02068,0.0451,0.526,0.0031,67.14,45.38
57,57,2022-02-27,0.02076,0.03298,0.454,0.00326,45.78,22.96
58,58,2022-02-28,0.03648,0.02168,0.552,0.00348,41.62,17.12
59,59,2022-03-01,0.0271,0.02688,0.492,0.00296,38.44,23.9
60,60,2022-03-02,0.02736,0.02552,0.502,0.00318,28.48,14.24
61,61,2022-03-03,0.03228,0.0263,0.534,0.00324,49.76,25.48
62,62,2022-03-04,0.03734,0.03306,0.66,0.00368,79.16,36.0
63,63,2022-03-05,0.01284,0.03576,0.386,0.00288,95.0,15.82
64,64,2022-03-06,0.0129,0.03516,0.374,0.00296,41.58,8.4
65,65,2022-03-07,0.0381,0.01444,0.562,0.00336,40.1,17.7
66,66,2022-03-08,0.04072,0.0217,0.586,0.00374,51.32,24.24
67,67,2022-03-09,0.03484,0.02732,0.598,0.00302,68.32,39.8
68,68,2022-03-10,0.04448,0.02296,0.676,0.0038,68.54,42.46
69,69,2022-03-11,0.04816,0.02716,0.698,0.00388,70.74,37.86
70,70,2022-03-12,0.03322,0.02968,0.61,0.00336,69.7,39.26
71,71,2022-03-13,0.01918,0.02332,0.42,0.0026,15.74,10.82
72,72,2022-03-14,0.023,0.02414,0.514,0.00254,16.7,9.64
73,73,2022-03-15,0.03084,0.02066,0.718,0.0028,43.92,30.22
74,74,2022-03-16,0.03712,0.02008,0.684,0.00334,69.24,39.9
75,75,2022-03-17,0.02168,0.02622,0.522,0.00298,49.16,23.9
76,76,2022-03-18,0.0145,0.03364,0.354,0.0024,8.4,2.78
77,77,2022-03-19,0.01688,0.02842,0.366,0.0023,6.46,3.26
78,78,2022-03-20,0.01804,0.02832,0.432,0.00264,21.36,14.22
79,79,2022-03-21,0.02624,0.02738,0.466,0.00298,28.74,15.86
80,80,2022-03-22,0.02382,0.0363,0.496,0.00302,37.44,24.02
81,81,2022-03-23,0.02984,0.02412,0.48,0.00316,35.64,20.52
82,82,2022-03-24,0.03258,0.02576,0.492,0.00328,46.06,28.32
83,83,2022-03-25,0.036,0.02304,0.612,0.00322,70.72,46.7
84,84,2022-03-26,0.01624,0.03394,0.4,0.00252,11.56,5.82
85,85,2022-03-27,0.01526,0.03596,0.382,0.00278,31.16,12.3
86,86,2022-03-28,0.02696,0.02814,0.42,0.0031,31.62,12.44
87,87,2022-03-29,0.03134,0.02708,0.466,0.00332,38.3,15.4
88,88,2022-03-30,0.0357,0.01698,0.52,0.00302,36.26,16.5
89,89,2022-03-31,0.0163,0.03134,0.378,0.00248,21.52,10.72
90,90,2022-04-01,0.0196,0.03056,0.376,0.00278,16.08,7.68
91,91,2022-04-02,0.02448,0.03226,0.424,0.00348,31.62,17.18
92,92,2022-04-03,0.02314,0.03812,0.508,0.00352,46.22,29.34
93,93,2022-04-04,0.03086,0.03848,0.512,0.00368,58.94,39.04
94,94,2022-04-05,0.03454,0.04018,0.494,0.00372,46.52,28.42
95,95,2022-04-06,0.02282,0.04128,0.424,0.00298,52.6,25.18
96,96,2022-04-07,0.01904,0.03648,0.354,0.0028,36.48,9.68
97,97,2022-04-08,0.02958,0.0374,0.468,0.00372,48.78,20.36
98,98,2022-04-09,0.0256,0.04692,0.506,0.0034,53.54,23.3
99,99,2022-04-10,0.01936,0.04758,0.45,0.00328,44.32,21.16
100,100,2022-04-11,0.02532,0.02794,0.422,0.00318,37.16,17.5
101,101,2022-04-12,0.01576,0.02684,0.362,0.00268,29.96,15.7
102,102,2022-04-13,0.01398,0.02784,0.35,0.00222,15.14,7.68
103,103,2022-04-14,0.01334,0.03498,0.324,0.00212,12.1,4.4
104,104,2022-04-15,0.01602,0.03706,0.344,0.00242,21.04,8.52
105,105,2022-04-16,0.01932,0.03914,0.38,0.00282,35.58,16.78
106,106,2022-04-17,0.0194,0.04826,0.494,0.00328,53.46,29.62
107,107,2022-04-18,0.0294,0.04948,0.452,0.00388,59.52,34.28
108,108,2022-04-19,0.03188,0.05102,0.528,0.00396,67.62,39.74
109,109,2022-04-20,0.0315,0.05958,0.542,0.00408,69.6,44.98
110,110,2022-04-21,0.0292,0.05268,0.486,0.00338,52.58,29.2
111,111,2022-04-22,0.0189,0.05306,0.444,0.00278,50.46,25.3
112,112,2022-04-23,0.02498,0.04016,0.498,0.0027,54.04,33.52
113,113,2022-04-24,0.0162,0.05816,0.48,0.00302,52.98,31.0
114,114,2022-04-25,0.02556,0.0398,0.63,0.00242,50.66,31.6
115,115,2022-04-26,0.01662,0.04376,0.41,0.00236,45.5,20.66
116,116,2022-04-27,0.01672,0.03868,0.328,0.00248,151.8,17.42
117,117,2022-04-28,0.026,0.03294,0.428,0.00304,73.06,15.84
118,118,2022-04-29,0.01214,0.03724,0.3,0.0021,10.44,3.44
119,119,2022-04-30,0.01442,0.03842,0.354,0.0023,16.02,7.8
120,120,2022-05-01,0.01352,0.04394,0.4,0.0028,41.48,14.8
121,121,2022-05-02,0.0203,0.03928,0.442,0.00262,45.96,20.38
122,122,2022-05-03,0.02548,0.03824,0.426,0.00294,36.84,19.46
123,123,2022-05-04,0.02776,0.04668,0.496,0.0034,39.6,19.2
124,124,2022-05-05,0.02202,0.04718,0.452,0.00354,34.0,16.34
125,125,2022-05-06,0.02068,0.03146,0.426,0.00294,36.74,19.06
126,126,2022-05-07,0.01164,0.03916,0.338,0.00234,28.74,11.42
127,127,2022-05-08,0.01146,0.03916,0.314,0.0022,18.4,6.9
128,128,2022-05-09,0.01662,0.0373,0.324,0.00228,15.66,6.32
129,129,2022-05-10,0.02574,0.03746,0.38,0.00262,25.2,11.82
130,130,2022-05-11,0.0212,0.04854,0.352,0.00292,30.44,14.52
131,131,2022-05-12,0.02114,0.04286,0.406,0.0027,32.4,14.22
132,132,2022-05-13,0.0178,0.03732,0.356,0.00262,30.62,12.62
133,133,2022-05-14,0.01324,0.04056,0.328,0.0027,34.08,10.72
134,134,2022-05-15,0.01034,0.04446,0.31,0.00266,23.5,8.44
135,135,2022-05-16,0.01808,0.05114,0.36,0.00306,31.6,12.58
136,136,2022-05-17,0.02152,0.06564,0.482,0.00336,53.14,27.98
137,137,2022-05-18,0.02238,0.07374,0.54,0.0034,62.56,34.98
138,138,2022-05-19,0.01846,0.06572,0.4,0.00324,45.08,20.68
139,139,2022-05-20,0.02214,0.0504,0.41,0.00412,36.52,21.08
140,140,2022-05-21,0.01548,0.04044,0.368,0.0026,36.74,21.14
141,141,2022-05-22,0.01174,0.05566,0.388,0.00276,40.36,24.02
142,142,2022-05-23,0.02072,0.06982,0.554,0.0033,70.64,43.12
143,143,2022-05-24,0.02182,0.04292,0.35,0.00272,35.1,18.4
144,144,2022-05-25,0.02244,0.03698,0.348,0.00276,26.58,12.78
145,145,2022-05-26,0.0143,0.03978,0.326,0.00246,25.12,7.8
146,146,2022-05-27,0.01472,0.04718,0.346,0.0025,25.74,10.14
147,147,2022-05-28,0.0196,0.05446,0.454,0.00366,36.24,18.64
148,148,2022-05-29,0.01164,0.0617,0.404,0.00254,31.12,20.86
149,149,2022-05-30,0.01762,0.04044,0.412,0.00234,29.88,18.04
150,150,2022-05-31,0.02156,0.03766,0.35,0.00286,27.0,8.2
151,151,2022-06-01,0.01922,0.04476,0.342,0.00306,25.0,8.38
152,152,2022-06-02,0.01898,0.04854,0.368,0.0029,29.9,14.94
153,153,2022-06-03,0.02152,0.06446,0.474,0.00278,42.04,23.62
154,154,2022-06-04,0.01928,0.0519,0.434,0.00264,36.02,19.42
155,155,2022-06-05,0.0122,0.05,0.348,0.00256,25.68,14.74
156,156,2022-06-06,0.008,0.02918,0.27,0.00214,8.66,3.64
157,157,2022-06-07,0.01152,0.031,0.266,0.00222,7.74,2.78
158,158,2022-06-08,0.01536,0.03348,0.308,0.00228,17.5,8.52
159,159,2022-06-09,0.0193,0.02778,0.368,0.0025,26.42,13.32
160,160,2022-06-10,0.02132,0.02722,0.424,0.00238,28.58,16.24
161,161,2022-06-11,0.016,0.04014,0.382,0.00234,23.7,12.6
162,162,2022-06-12,0.01124,0.05238,0.346,0.00238,22.06,12.86
163,163,2022-06-13,0.01378,0.03932,0.384,0.00226,26.46,15.22
164,164,2022-06-14,0.00948,0.031,0.256,0.00216,14.2,4.9
165,165,2022-06-15,0.01518,0.02132,0.334,0.00218,11.66,5.34
166,166,2022-06-16,0.01612,0.02742,0.352,0.00228,17.28,8.06
167,167,2022-06-17,0.0245,0.03352,0.482,0.00262,41.86,20.78
168,168,2022-06-18,0.01694,0.02608,0.388,0.00262,23.78,11.64
169,169,2022-06-19,0.01334,0.0325,0.384,0.0024,25.46,13.74
170,170,2022-06-20,0.02102,0.03198,0.416,0.0024,27.68,15.54
171,171,2022-06-21,0.0221,0.03236,0.38,0.00254,28.22,13.98
172,172,2022-06-22,0.02056,0.03612,0.346,0.00266,27.32,14.2
173,173,2022-06-23,0.02434,0.02338,0.444,0.00264,31.44,19.4
174,174,2022-06-24,0.0148,0.03738,0.402,0.0023,20.48,12.02
175,175,2022-06-25,0.0148,0.0616,0.544,0.00242,48.18,33.32
176,176,2022-06-26,0.0106,0.03118,0.326,0.00232,24.2,12.34
177,177,2022-06-27,0.01146,0.00798,0.298,0.00236,13.04,4.5
178,178,2022-06-28,0.00784,0.01242,0.244,0.0023,18.0,5.44
179,179,2022-06-29,0.01024,0.01428,0.284,0.00212,14.62,5.54
180,180,2022-06-30,0.01906,0.03144,0.336,0.00214,6.26,2.8
181,181,2022-07-01,0.01708,0.01362,0.354,0.00254,17.38,6.52
182,182,2022-07-02,0.0171,0.03626,0.366,0.00276,26.8,13.78
183,183,2022-07-03,0.01388,0.04144,0.346,0.0031,35.92,25.42
184,184,2022-07-04,0.0203,0.02722,0.376,0.0028,36.74,25.82
185,185,2022-07-05,0.02444,0.03774,0.392,0.00264,36.38,25.6
186,186,2022-07-06,0.01938,0.0341,0.364,0.0025,32.22,21.98
187,187,2022-07-07,0.01594,0.01912,0.33,0.00232,22.68,11.12
188,188,2022-07-08,0.01638,0.04412,0.346,0.00238,25.42,15.5
189,189,2022-07-09,0.01646,0.0384,0.386,0.00224,23.28,15.04
190,190,2022-07-10,0.01826,0.05436,0.482,0.00272,42.02,27.8
191,191,2022-07-11,0.01892,0.0421,0.358,0.00242,26.7,15.92
192,192,2022-07-12,0.01674,0.02812,0.304,0.0023,12.7,5.0
193,193,2022-07-13,0.01894,0.01936,0.38,0.0023,15.5,8.5
194,194,2022-07-14,0.01568,0.03008,0.37,0.00236,13.48,6.2
195,195,2022-07-15,0.01808,0.03724,0.384,0.0026,25.26,13.34
196,196,2022-07-16,0.01664,0.04342,0.426,0.0025,29.22,19.0
197,197,2022-07-17,0.01258,0.04074,0.392,0.0025,24.64,15.6
198,198,2022-07-18,0.01854,0.03954,0.41,0.00256,25.76,15.88
199,199,2022-07-19,0.01926,0.04538,0.424,0.00262,33.98,21.82
200,200,2022-07-20,0.01824,0.04778,0.412,0.00276,34.0,20.64
201,201,2022-07-21,0.014,0.0374,0.362,0.00226,13.52,7.48
202,202,2022-07-22,0.01732,0.03966,0.426,0.00248,26.74,16.44
203,203,2022-07-23,0.01834,0.03226,0.484,0.00244,36.98,24.7
204,204,2022-07-24,0.01132,0.0385,0.42,0.00222,17.18,10.48
205,205,2022-07-25,0.0154,0.02702,0.36,0.00258,18.22,7.38
206,206,2022-07-26,0.02038,0.05298,0.442,0.0026,31.68,19.12
207,207,2022-07-27,0.02,0.04138,0.448,0.0026,33.38,21.44
208,208,2022-07-28,0.01532,0.03962,0.354,0.00248,24.02,15.18
209,209,2022-07-29,0.01676,0.0363,0.346,0.00262,23.5,15.22
210,210,2022-07-30,0.01282,0.02482,0.294,0.00246,17.88,10.2
211,211,2022-07-31,0.00972,0.01162,0.294,0.00228,11.5,5.6
212,212,2022-08-01,0.01118,0.01508,0.266,0.00234,14.22,7.52
213,213,2022-08-02,0.01112,0.01488,0.274,0.00222,12.02,5.68
214,214,2022-08-03,0.01394,0.03158,0.318,0.00222,22.64,15.84
215,215,2022-08-04,0.01368,0.02508,0.282,0.00228,17.56,9.32
216,216,2022-08-05,0.01432,0.02156,0.308,0.00262,19.44,9.44
217,217,2022-08-06,0.01598,0.03392,0.356,0.00244,34.36,21.26
218,218,2022-08-07,0.01078,0.02788,0.348,0.0025,29.46,17.7
219,219,2022-08-08,0.01442,0.03088,0.328,0.0024,22.28,11.06
220,220,2022-08-09,0.01644,0.02598,0.342,0.00234,10.58,4.88
221,221,2022-08-10,0.02044,0.03416,0.364,0.00248,15.16,6.36
222,222,2022-08-11,0.02192,0.02822,0.462,0.00262,14.54,8.36
223,223,2022-08-12,0.0212,0.04616,0.392,0.00264,26.42,14.32
224,224,2022-08-13,0.02578,0.01912,0.51,0.00308,29.4,17.76
225,225,2022-08-14,0.01304,0.03024,0.41,0.0025,22.14,13.3
226,226,2022-08-15,0.0077,0.02524,0.272,0.00248,25.46,10.28
227,227,2022-08-16,0.01576,0.04028,0.434,0.00254,25.34,11.72
228,228,2022-08-17,0.0219,0.03344,0.438,0.00274,24.16,12.96
229,229,2022-08-18,0.01948,0.0389,0.4,0.00268,24.54,13.4
230,230,2022-08-19,0.02006,0.02404,0.402,0.00276,24.52,12.86
231,231,2022-08-20,0.01364,0.04348,0.452,0.00244,25.68,14.62
232,232,2022-08-21,0.01362,0.03852,0.46,0.00252,25.12,14.72
233,233,2022-08-22,0.01942,0.03392,0.45,0.00296,26.36,15.12
234,234,2022-08-23,0.01652,0.03198,0.368,0.00258,18.06,8.3
235,235,2022-08-24,0.01602,0.02578,0.338,0.0026,17.96,7.02
236,236,2022-08-25,0.02086,0.0152,0.382,0.00278,18.78,7.14
237,237,2022-08-26,0.01946,0.04806,0.442,0.00278,31.98,18.76
238,238,2022-08-27,0.01076,0.03452,0.316,0.00262,20.36,9.4
239,239,2022-08-28,0.01242,0.02828,0.31,0.00262,16.1,7.08
240,240,2022-08-29,0.01784,0.01692,0.324,0.0025,13.26,5.96
241,241,2022-08-30,0.01682,0.0158,0.354,0.00246,7.72,3.52
242,242,2022-08-31,0.01586,0.01906,0.348,0.00256,9.68,3.3
243,243,2022-09-01,0.01946,0.02204,0.412,0.0028,18.24,7.96
244,244,2022-09-02,0.01676,0.02336,0.356,0.00266,16.32,7.16
245,245,2022-09-03,0.01168,0.03062,0.294,0.00244,13.88,4.74
246,246,2022-09-04,0.01088,0.0202,0.316,0.00232,9.82,4.4
247,247,2022-09-05,0.01338,0.04112,0.294,0.00226,5.72,2.3
248,248,2022-09-06,0.01296,0.04466,0.298,0.00228,11.8,4.96
249,249,2022-09-07,0.02456,0.03658,0.434,0.00288,29.5,12.86
250,250,2022-09-08,0.02634,0.03304,0.496,0.00282,28.16,12.76
251,251,2022-09-09,0.01634,0.02652,0.4,0.0025,18.44,9.68
252,252,2022-09-10,0.01012,0.03264,0.27,0.00232,10.26,4.38
253,253,2022-09-11,0.00952,0.031,0.314,0.00226,19.34,10.28
254,254,2022-09-12,0.01222,0.02638,0.38,0.00238,20.14,11.06
255,255,2022-09-13,0.01694,0.01604,0.388,0.00252,21.14,11.64
256,256,2022-09-14,0.01276,0.03194,0.3,0.00244,18.84,8.12
257,257,2022-09-15,0.01616,0.0302,0.338,0.00246,20.44,8.82
258,258,2022-09-16,0.01772,0.02102,0.344,0.00268,22.9,11.22
259,259,2022-09-17,0.01746,0.02648,0.426,0.00274,21.22,13.1
260,260,2022-09-18,0.01258,0.02248,0.406,0.0025,20.12,11.84
261,261,2022-09-19,0.01006,0.0276,0.32,0.00236,18.38,7.3
262,262,2022-09-20,0.0134,0.03038,0.28,0.00254,26.06,6.58
263,263,2022-09-21,0.01958,0.02948,0.358,0.00282,27.5,10.32
264,264,2022-09-22,0.0185,0.03146,0.31,0.00278,19.82,7.96
265,265,2022-09-23,0.01904,0.02646,0.342,0.00274,25.62,9.64
266,266,2022-09-24,0.01382,0.02806,0.32,0.00266,18.42,6.52
267,267,2022-09-25,0.01758,0.031,0.418,0.00278,23.02,10.2
268,268,2022-09-26,0.02538,0.02908,0.432,0.003,25.3,11.5
269,269,2022-09-27,0.03052,0.0313,0.48,0.0029,25.78,12.5
270,270,2022-09-28,0.0324,0.0231,0.516,0.003,29.54,15.62
271,271,2022-09-29,0.03006,0.04436,0.638,0.00326,62.0,42.78
272,272,2022-09-30,0.03326,0.04542,0.604,0.00306,51.2,35.42
273,273,2022-10-01,0.03396,0.04494,0.606,0.0031,55.14,38.88
274,274,2022-10-02,0.01964,0.03238,0.486,0.00278,32.28,22.54
275,275,2022-10-03,0.01474,0.0196,0.426,0.00252,15.18,8.94
276,276,2022-10-04,0.01136,0.01998,0.416,0.00244,14.88,6.3
277,277,2022-10-05,0.01542,0.01884,0.374,0.00262,17.38,7.32
278,278,2022-10-06,0.01426,0.01452,0.324,0.00258,8.98,3.16
279,279,2022-10-07,0.0128,0.0213,0.306,0.00258,10.78,4.46
280,280,2022-10-08,0.01558,0.0239,0.316,0.00256,9.9,4.38
281,281,2022-10-09,0.01268,0.02606,0.32,0.00242,9.56,4.32
282,282,2022-10-10,0.00934,0.02736,0.304,0.00238,9.48,3.4
283,283,2022-10-11,0.0139,0.02226,0.364,0.00248,16.58,8.34
284,284,2022-10-12,0.02494,0.01628,0.474,0.00276,22.04,11.36
285,285,2022-10-13,0.02688,0.01786,0.478,0.00276,21.0,10.02
286,286,2022-10-14,0.02982,0.0163,0.516,0.00286,26.82,14.14
287,287,2022-10-15,0.02542,0.02324,0.514,0.00288,31.62,18.2
288,288,2022-10-16,0.02392,0.0166,0.548,0.00296,36.02,22.8
289,289,2022-10-17,0.01086,0.02404,0.348,0.00296,29.24,10.28
290,290,2022-10-18,0.01566,0.01982,0.396,0.00294,22.88,8.58
291,291,2022-10-19,0.02408,0.01688,0.476,0.00304,25.02,9.8
292,292,2022-10-20,0.0319,0.0207,0.592,0.00328,35.52,17.16
293,293,2022-10-21,0.03932,0.02632,0.644,0.00386,51.06,32.04
294,294,2022-10-22,0.03196,0.0272,0.584,0.00322,46.86,31.4
295,295,2022-10-23,0.0125,0.03478,0.42,0.00276,38.4,19.68
296,296,2022-10-24,0.0163,0.02552,0.4,0.00288,27.66,10.34
297,297,2022-10-25,0.02186,0.0181,0.402,0.00272,16.92,6.62
298,298,2022-10-26,0.02782,0.01482,0.432,0.00286,17.94,6.88
299,299,2022-10-27,0.0294,0.0204,0.538,0.00296,33.22,16.78
300,300,2022-10-28,0.03136,0.01966,0.598,0.00292,41.4,22.82
301,301,2022-10-29,0.02644,0.02088,0.518,0.00276,26.64,15.08
302,302,2022-10-30,0.02322,0.02372,0.524,0.00264,25.62,15.52
303,303,2022-10-31,0.02652,0.02124,0.484,0.00284,25.68,13.56
304,304,2022-11-01,0.02712,0.02492,0.604,0.00288,51.64,31.48
305,305,2022-11-02,0.02892,0.01596,0.492,0.00312,32.96,12.72
306,306,2022-11-03,0.02804,0.01442,0.55,0.00318,34.04,14.2
307,307,2022-11-04,0.01378,0.02256,0.392,0.0031,26.96,7.44
308,308,2022-11-05,0.0262,0.01768,0.52,0.00346,29.8,11.54
309,309,2022-11-06,0.02872,0.01916,0.548,0.00324,26.76,13.32
310,310,2022-11-07,0.03746,0.01736,0.628,0.00374,36.3,18.42
311,311,2022-11-08,0.03338,0.02114,0.626,0.00328,49.02,30.2
312,312,2022-11-09,0.03884,0.01866,0.77,0.00316,69.84,47.58
313,313,2022-11-10,0.04124,0.02066,0.816,0.00328,83.9,59.52
314,314,2022-11-11,0.04016,0.02156,0.766,0.00344,56.14,35.88
315,315,2022-11-12,0.03652,0.01798,0.724,0.00346,50.82,32.72
316,316,2022-11-13,0.01316,0.01606,0.564,0.0027,19.62,11.44
317,317,2022-11-14,0.0215,0.01312,0.596,0.00312,23.7,14.64
318,318,2022-11-15,0.0282,0.01554,0.554,0.00312,30.54,16.62
319,319,2022-11-16,0.02982,0.01374,0.654,0.00316,34.48,20.9
320,320,2022-11-17,0.03892,0.01088,0.676,0.0035,39.16,20.74
321,321,2022-11-18,0.04004,0.0117,0.72,0.00352,46.16,26.78
322,322,2022-11-19,0.03282,0.02026,0.592,0.00318,31.84,17.04
323,323,2022-11-20,0.02982,0.02086,0.576,0.0032,29.86,17.1
324,324,2022-11-21,0.03836,0.01572,0.668,0.00364,40.28,24.42
325,325,2022-11-22,0.03468,0.01128,0.696,0.0031,56.74,35.92
326,326,2022-11-23,0.02622,0.01722,0.56,0.00328,41.96,24.76
327,327,2022-11-24,0.03578,0.0122,0.668,0.0035,51.94,29.0
328,328,2022-11-25,0.0316,0.02188,0.622,0.00382,59.26,35.18
329,329,2022-11-26,0.01488,0.02608,0.422,0.00294,62.5,18.8
330,330,2022-11-27,0.02246,0.01664,0.462,0.00308,20.38,9.4
331,331,2022-11-28,0.03294,0.01048,0.552,0.00314,27.3,12.5
332,332,2022-11-29,0.01622,0.02058,0.488,0.00284,21.9,10.02
333,333,2022-11-30,0.01008,0.02414,0.334,0.00262,25.42,5.92
334,334,2022-12-01,0.01566,0.02122,0.386,0.00314,22.14,8.12
335,335,2022-12-02,0.02744,0.01488,0.474,0.0031,20.76,8.64
336,336,2022-12-03,0.02838,0.01258,0.522,0.00286,33.8,21.2
337,337,2022-12-04,0.01162,0.02696,0.366,0.00274,17.6,6.36
338,338,2022-12-05,0.02054,0.01928,0.424,0.00318,20.88,9.26
339,339,2022-12-06,0.03418,0.01118,0.544,0.00324,27.12,14.12
340,340,2022-12-07,0.02892,0.0158,0.53,0.00306,34.02,14.12
341,341,2022-12-08,0.0373,0.01006,0.608,0.00332,28.98,10.24
342,342,2022-12-09,0.04022,0.0109,0.68,0.00368,43.06,25.2
343,343,2022-12-10,0.03938,0.00908,0.676,0.00374,40.68,22.4
344,344,2022-12-11,0.02608,0.01674,0.656,0.00386,43.36,24.86
345,345,2022-12-12,0.03984,0.00668,0.674,0.00358,33.88,20.76
346,346,2022-12-13,0.01818,0.02186,0.39,0.00276,204.36,35.34
347,347,2022-12-14,0.01232,0.0224,0.322,0.00288,48.82,9.56
348,348,2022-12-15,0.03174,0.00616,0.504,0.00278,32.5,19.06
349,349,2022-12-16,0.02348,0.0163,0.478,0.00302,29.8,16.64
350,350,2022-12-17,0.01834,0.02084,0.418,0.00314,24.48,13.02
351,351,2022-12-18,0.0115,0.02524,0.332,0.00306,20.02,7.68
352,352,2022-12-19,0.02826,0.01342,0.476,0.00322,22.02,11.56
353,353,2022-12-20,0.0389,0.00766,0.592,0.00348,31.56,20.5
354,354,2022-12-21,0.03534,0.01014,0.614,0.00304,42.58,29.0
355,355,2022-12-22,0.0135,0.02418,0.374,0.00276,28.9,14.04
356,356,2022-12-23,0.01176,0.02676,0.33,0.00244,19.44,10.08
357,357,2022-12-24,0.027,0.01398,0.502,0.00308,28.82,17.96
358,358,2022-12-25,0.0339,0.01326,0.732,0.0032,39.22,29.22
359,359,2022-12-26,0.04418,0.007,0.886,0.00334,48.16,36.44
360,360,2022-12-27,0.0467,0.00826,0.872,0.00366,49.08,36.0
361,361,2022-12-28,0.02792,0.01738,0.564,0.00352,34.92,20.46
362,362,2022-12-29,0.03286,0.0129,0.576,0.0038,30.1,17.84
363,363,2022-12-30,0.03366,0.01472,0.606,0.0036,38.2,26.94
364,364,2022-12-31,0.04198,0.0083,0.786,0.00378,43.18,32.22
